03347112
16731331
33555258
48674587
51367903
41366816
39267291
89860257
94361564
27176739
29276164
80206963
57475785
04182439
64077587
98007052
45414490
32473354
96695500
65099160
54132853
10706741
10798328
21363419
48121614
10858798
63344484
04623629
69510312
44594570
74135511
14688490
40639873
28338743
94409576
07584433
91457908
11346873
26794511
33313059
23855722
00905297
53682757
18615490
98160225
41770991
31040180
47540734
05526936
81916170
42205109
79345998
99727246
08695074
14237068
08170550
97273243
44133716
62646868
34617321
64038459
62259933
09613548
43325818
53072740
10559798
92510860
47310448
82608458
54577786
81122477
22635496
51121206
28860488
71899839
38048990
49044675
16709974
94339426
18673878
06997508
67483218
55679418
68642777
58464942
22268164
39857467
49620923
14194391
54533408
55244506
68026513
98754328
90070265
10630677
54609386
64579613
77011871
42619568
74013126